41.9 43.6 41.3 42.5 40.6
41.8 42.4 40.2 43.5 42.1
43.5 40.5 42.1 40.3 41.7
43.6 42.3 43.2 43.4 40.2
40.3 40.6 40.0 44.8 42.2
42.8 40.3 41.8 43.6 40.7
40.2 41.8 43.1 42.4 40.9
41.7 43.0 44.1 42.6 41.4
40.4 40.3 42.8 41.4 43.0
40.9 43.9 40.6 42.0 44.0
44.6 44.2 44.5 41.0 42.3
43.1 41.0 44.2 41.7 43.9
44.6 41.4 40.7 44.8 40.3
44.0 43.0 41.4 43.3 40.6
41.7 44.6 43.3 41.1 40.5
41.4 44.4 44.2 40.7 41.3
41.6 42.9 41.7 40.7 42.6
41.6 40.8 44.5 42.1 40.6
40.6 43.0 40.8 44.2 44.0
43.1 41.5 41.4 41.4 41.8
42.1 41.5 41.4 44.7 40.3
42.7 42.6 42.1 41.3 43.8
44.4 42.9 40.5 41.1 44.9
43.1 44.8 44.6 40.8 43.3
41.5 44.3 41.5 40.9 41.7
44.5 41.2 40.2 43.7 42.7
42.1 41.1 44.1 43.9 41.8
42.9 44.0 43.6 43.3 41.9
40.0 44.0 42.7 40.7 40.0
44.6 41.5 42.0 43.6 42.8
40.0 41.8 42.1 44.3 42.5
41.7 42.0 41.8 40.1 44.0
40.1 41.1 42.1 43.0 42.4
43.9 43.0 41.1 43.0 40.3
43.5 44.8 40.2 43.3 43.1
40.0 41.3 42.5 43.9 44.4
42.6 41.8 43.7 42.7 42.2
40.1 41.5 44.1 43.6 45.0
42.8 41.0 41.8 40.1 41.1
43.9 41.0 43.8 43.6 40.5
43.3 41.2 40.2 44.0 41.6
43.2 40.1 44.6 40.3 44.0
41.5 40.3 43.1 42.0 44.4
44.9 40.9 43.7 42.8 41.7
41.9 45.0 43.0 42.9 43.6
40.3 43.9 44.0 44.6 41.7
41.2 43.1 40.6 44.4 40.7
44.4 43.5 42.9 40.2 41.0
43.6 41.6 44.5 44.9 43.3
44.3 43.0 42.3 42.6 40.4
40.7 42.1 43.2 42.1 44.7
40.6 44.6 40.8 42.6 44.6
44.9 44.7 42.8 41.5 40.2
42.7 41.2 40.4 42.1 41.4
42.0 42.8 44.6 43.6 43.6
40.4 40.3 41.4 40.5 44.0
40.6 42.0 42.5 40.8 43.3
40.8 43.9 41.0 40.2 40.3
44.0 40.6 40.1 43.3 44.6
40.4 44.9 42.4 44.1 41.8
41.5 44.7 40.4 42.4 44.6
40.1 44.0 41.5 41.8 41.4
42.6 44.7 40.2 41.8 40.6
41.8 43.1 42.2 43.9 41.2
41.9 44.8 41.3 40.7 42.4
43.1 42.3 40.3 44.9 44.2
43.4 41.4 42.6 40.8 41.6
44.4 41.1 44.4 43.6 43.1
40.7 40.8 44.4 44.5 40.5
41.4 44.4 43.3 43.9 44.0
43.6 40.7 43.4 43.1 43.5
41.6 40.8 43.7 40.2 43.4
41.6 43.7 42.7 44.5 44.2
40.4 44.7 42.3 44.7 41.6
41.0 43.2 40.5 41.7 42.5
41.7 40.4 44.2 43.0 41.0
42.4 40.6 44.5 44.2 40.3
44.3 40.9 43.8 44.1 42.6
40.4 40.6 42.6 45.0 41.3
43.9 43.0 44.5 42.1 42.4
41.6 42.9 42.9 44.9 41.7
41.9 41.0 42.1 44.0 42.8
43.9 41.7 44.4 40.9 44.7
44.6 44.8 44.5 40.8 41.8
40.4 41.8 43.3 44.6 40.8
40.9 44.6 40.3 44.2 41.0
41.5 42.5 43.0 40.7 41.9
43.1 41.6 42.7 43.6 41.6
44.4 44.7 42.7 40.3 41.4
42.7 42.6 43.0 41.1 42.8
41.0 44.8 42.0 40.6 43.8
41.1 40.1 44.3 44.3 42.4
41.6 40.6 42.5 42.9 40.4
42.1 43.1 43.4 43.7 41.4
43.9 42.8 42.8 41.9 44.2
40.2 41.8 42.1 43.2 42.9
40.4 42.1 40.4 40.9 40.3
40.8 42.6 42.4 40.6 43.4
41.3 41.7 41.1 44.8 41.3
44.7 40.5 44.1 42.9 40.2
44.0 42.7 42.0 45.0 41.8
40.9 42.9 42.4 41.0 40.9
42.3 44.7 42.5 44.7 41.8
40.4 41.0 41.0 40.7 40.7
40.2 41.5 43.4 41.9 43.6
40.5 44.0 41.0 43.5 42.9
40.1 42.9 43.9 43.4 40.3
41.6 44.0 44.6 40.6 42.9
44.0 40.1 40.4 41.3 41.4
41.7 43.3 41.5 42.3 44.8
44.5 43.0 43.4 40.1 43.9
41.3 44.9 41.6 42.9 42.4
44.2 42.4 43.4 43.9 40.7
44.1 40.9 44.6 42.0 44.8
40.4 43.3 43.0 42.3 40.9
41.6 40.9 40.6 44.1 41.9
42.6 41.8 42.8 40.4 40.6
40.7 44.0 44.8 42.5 40.3
42.8 42.5 41.1 42.6 41.2
44.2 44.0 43.2 41.8 42.9
40.1 44.6 40.4 40.9 44.6
41.6 40.3 41.7 41.0 43.2
42.4 43.2 41.7 40.9 43.0
43.4 41.1 43.1 44.3 44.1
43.9 40.7 41.9 44.3 42.9
42.5 43.3 44.1 41.4 44.4
41.3 43.0 41.7 44.2 41.1
43.5 40.6 40.1 43.1 44.9
41.4 44.7 42.0 42.1 44.2
40.5 44.7 41.2 44.6 40.9
42.6 40.8 43.7 40.3 42.6
42.5 41.0 42.2 44.7 41.1
42.2 41.9 42.3 44.0 42.0
43.5 40.1 43.5 41.9 44.1
43.7 41.1 43.6 43.3 41.4
43.8 43.0 41.1 42.9 42.8
41.7 41.1 42.5 44.7 41.1
41.0 43.7 41.7 41.0 44.7
42.4 40.2 42.0 43.9 40.9
43.4 40.7 43.7 44.6 43.3
42.3 42.2 41.8 43.0 44.8
41.7 44.7 44.6 44.6 42.8
42.4 44.3 40.6 44.3 44.0
43.4 40.2 41.8 41.6 43.7
44.3 43.8 44.4 41.1 42.2
41.4 41.8 44.2 43.7 44.8
43.4 44.2 43.4 41.6 42.9
40.4 44.9 43.4 42.9 43.1
42.6 40.6 44.5 41.8 41.9
41.8 40.2 42.8 44.7 40.6
44.5 41.2 41.6 40.9 44.9
43.8 40.3 44.8 40.1 44.8
40.5 44.9 44.7 42.8 44.0
44.4 40.9 44.3 42.0 42.7
42.7 44.8 40.6 42.0 43.9
40.6 41.7 43.6 44.1 40.5
44.2 44.2 40.3 42.1 41.9
41.1 42.3 44.2 42.5 42.6
44.1 40.1 44.0 44.1 40.2
42.5 43.0 44.8 43.1 40.5
44.1 42.7 43.2 40.3 43.6
40.7 45.0 44.9 44.3 42.5
44.1 42.4 42.3 41.6 42.7
42.3 43.3 43.7 42.2 40.1
42.7 44.8 40.9 41.2 43.4
44.9 43.7 41.5 40.3 43.9
41.4 41.4 43.8 42.8 44.6
40.4 43.1 42.1 41.8 42.9
43.0 41.1 44.4 43.8 42.1
40.5 42.4 43.7 42.5 44.6
44.6 44.3 41.8 44.1 43.9
40.0 42.5 44.6 41.3 41.9
41.8 42.9 41.1 41.2 41.9
44.4 42.5 42.9 42.1 43.8
41.9 42.8 40.1 43.8 43.0
42.0 43.6 42.8 40.6 40.8
41.9 41.4 41.6 42.1 41.2
43.7 40.7 42.5 42.0 40.8
43.1 44.1 44.3 42.6 43.5
42.7 44.1 44.1 40.2 43.9
40.0 42.2 42.3 43.7 44.7
44.2 43.4 44.3 41.7 40.9
40.2 42.6 41.3 40.1 43.4
42.3 44.7 42.4 40.5 42.2
43.6 41.1 41.6 41.7 42.6
43.4 42.2 41.6 41.0 42.6
44.3 44.7 41.1 41.9 40.8
40.7 42.0 44.9 40.2 41.7
44.2 42.5 43.7 44.0 41.2
40.8 43.5 43.5 44.1 41.7
42.0 41.6 40.1 42.6 43.2
41.9 43.2 42.8 44.7 44.6
43.4 40.5 44.5 41.3 40.8
43.8 42.4 43.2 44.3 42.9
42.0 40.2 43.6 41.0 40.1
43.3 41.1 44.5 42.1 44.3
44.8 45.0 43.9 41.8 44.2
42.6 41.5 44.9 40.4 44.7
42.9 40.6 44.0 42.2 43.7
40.4 42.7 42.1 41.8 44.6
42.5 40.3 40.1 42.6 40.6
40.8 41.1 42.8 41.7 44.0
40.9 42.0 43.6 40.5 40.2
43.6 43.2 44.1 43.2 41.4
41.8 41.6 43.9 42.7 43.1
40.3 40.9 41.9 44.5 42.6
42.3 44.8 40.3 44.8 43.4
42.3 41.2 41.1 42.6 43.6
43.8 43.5 41.9 40.4 41.6
42.8 40.8 41.3 44.1 43.1
40.9 42.6 40.1 43.4 44.8
44.0 43.2 42.9 43.2 40.4
40.6 40.7 40.0 42.6 44.3
45.0 42.3 40.5 40.1 40.6
43.3 41.6 43.1 43.6 40.5
41.9 44.3 40.8 44.2 41.4
43.1 44.3 42.9 42.5 44.0
40.7 44.9 40.9 44.9 41.7
42.2 43.4 43.2 41.6 44.7
41.3 40.2 40.9 44.8 43.4
43.7 42.7 44.6 40.6 41.3
40.3 44.7 41.8 42.0 43.9
40.6 40.3 44.5 42.1 41.9
44.6 40.5 40.5 43.4 41.4
40.2 43.6 43.7 42.8 41.8
42.6 44.8 40.6 40.8 44.4
42.3 44.7 40.1 40.4 40.8
40.6 40.1 42.4 41.8 40.3
42.5 41.7 44.3 40.3 43.7
44.1 40.1 43.6 41.4 43.5
43.8 44.8 42.7 43.4 44.8
40.3 43.0 42.7 44.8 41.3
42.1 42.8 44.0 44.9 44.9
45.0 43.6 44.4 44.9 41.4
40.2 41.8 42.0 43.1 44.1
43.8 40.3 44.0 40.3 41.1
44.6 41.3 42.1 41.9 43.4
40.7 41.0 42.6 43.3 43.8
40.1 41.4 42.5 42.3 43.0
44.1 41.1 40.5 42.3 43.9
43.8 41.6 41.1 42.6 44.1
40.2 44.7 44.0 43.6 42.0
42.6 44.6 42.8 40.9 44.9
43.6 43.7 43.0 44.0 43.8
40.6 41.1 42.6 42.4 41.0
43.0 42.8 43.9 40.3 44.6
41.2 41.3 42.9 44.4 44.6
43.8 44.1 44.9 44.5 44.3
43.1 41.9 40.4 41.7 42.4
43.9 43.9 41.2 43.2 40.7
43.8 43.2 43.6 44.8 43.6
41.5 41.9 44.9 42.6 42.0
40.6 41.4 40.3 44.4 44.0
44.3 40.6 44.5 44.4 40.7
40.6 40.2 43.9 42.3 41.9
41.7 43.6 43.7 40.5 40.9
40.6 44.6 43.6 42.7 40.9
41.2 42.1 44.7 43.8 44.0
40.8 43.4 40.2 42.6 44.3
43.8 40.1 43.7 40.5 43.5
41.1 44.8 43.6 44.6 40.8
40.6 41.8 43.9 43.9 40.2
43.8 41.8 44.1 44.8 40.3
40.6 44.0 44.6 40.3 40.0
40.5 40.6 42.5 40.1 41.4
44.2 40.3 42.6 43.1 43.1
40.0 41.7 40.3 43.6 41.4
43.3 40.2 40.7 41.6 42.3
41.5 43.0 44.9 41.5 40.2
41.8 44.7 40.4 41.8 43.6
42.5 41.1 41.1 44.3 41.2
41.0 42.2 42.0 44.7 41.1
44.3 40.7 43.5 42.3 40.1
41.1 40.7 41.1 41.9 43.1
42.7 43.7 43.9 44.8 44.7
41.0 42.8 41.3 41.0 43.7
40.5 41.8 44.7 40.4 40.4
43.4 40.3 43.9 42.1 41.5
40.1 43.2 41.0 40.5 40.2
42.5 40.5 42.8 43.3 44.6
42.1 42.6 44.7 40.8 41.0
44.5 40.9 40.9 43.3 42.7
41.3 42.0 41.1 41.2 44.1
40.5 42.7 43.7 42.2 41.3
40.8 41.1 43.3 42.2 44.9
44.1 44.8 41.0 43.2 41.9
44.3 42.5 40.2 44.6 40.6
42.5 42.8 42.7 41.1 45.0
41.0 42.5 44.5 42.7 43.5
40.2 44.1 40.8 44.5 43.8
44.0 42.4 43.1 42.1 42.9
40.8 41.1 43.3 41.5 43.6
43.3 44.4 41.2 40.3 44.1
42.0 43.5 40.5 44.7 44.4
41.3 43.3 44.4 44.0 43.7
43.2 43.8 40.3 42.1 44.0
41.1 41.6 41.5 42.5 41.4
44.9 43.4 41.6 41.6 43.8
42.3 41.9 42.4 41.3 40.0
44.0 40.2 40.9 44.6 42.6
42.7 40.6 42.2 42.8 43.0
44.0 43.9 42.4 43.4 40.4
43.9 42.9 42.9 44.9 43.0
41.5 42.4 43.9 44.7 43.8
44.4 42.7 40.9 41.5 41.9
42.7 42.8 43.2 40.7 44.5
41.0 41.3 44.1 44.0 41.7
42.8 42.5 43.2 44.9 43.0
42.9 40.2 40.6 41.1 41.3
41.9 44.4 41.3 44.1 41.3
41.9 44.3 44.0 42.4 42.3
40.3 42.0 42.1 43.6 44.5
44.1 44.3 40.3 44.6 42.2
42.4 42.2 41.2 43.6 43.1
41.4 40.7 42.4 43.9 41.0
41.4 42.6 41.6 44.7 43.2
40.4 44.6 42.7 44.1 43.4
43.2 44.3 43.9 43.9 44.3
41.8 44.4 41.7 42.0 40.2
41.5 42.7 44.1 42.0 44.9
45.0 43.2 40.8 44.9 40.6
43.9 41.3 44.8 41.6 40.3
44.3 44.4 42.7 42.8 40.3
40.4 40.7 44.3 41.8 44.4
41.4 43.5 44.0 43.6 44.0
40.8 44.4 40.6 40.1 41.3
43.5 44.7 43.3 43.6 43.0
44.2 40.5 44.0 42.2 41.3
42.1 42.9 42.9 42.5 44.3
41.6 42.2 42.8 44.9 42.8
40.7 41.2 42.8 43.4 42.9
42.3 45.0 44.9 42.9 44.4
45.0 44.1 43.3 44.2 44.6
40.8 41.6 41.5 43.6 42.3
43.5 41.8 42.0 44.9 40.3
43.6 42.8 43.0 42.3 44.5
40.4 42.9 43.7 43.6 40.5
41.3 44.4 42.1 43.3 44.6
42.9 40.6 42.2 42.9 44.6
44.7 45.0 43.4 40.8 43.6
42.1 43.4 42.5 42.9 41.2
43.7 44.8 41.9 44.0 44.4
41.0 44.1 43.2 42.9 41.6
40.9 41.6 40.4 43.5 42.3
40.6 43.2 43.8 44.5 41.2
44.6 41.9 44.9 41.9 41.2
40.9 41.7 44.4 40.8 44.8
42.7 43.9 40.0 44.7 42.3
44.0 42.9 41.2 41.5 42.1
41.2 40.6 44.4 42.2 44.3
43.4 44.3 43.0 43.9 44.7
40.6 41.0 42.6 40.8 43.5
42.7 41.4 44.8 41.1 40.2
41.5 42.2 43.7 42.4 41.6
40.9 43.1 41.1 44.3 43.3
40.9 40.4 40.8 43.8 44.6
44.8 40.0 43.0 42.9 42.0
41.9 44.1 44.3 44.8 40.8
40.9 44.2 40.1 44.4 43.3
44.3 43.5 42.6 44.6 42.9
42.4 43.7 44.8 41.8 40.2
43.7 40.4 40.2 41.3 43.0
44.2 42.5 43.2 40.3 40.6
41.3 43.2 40.1 43.3 40.3
43.1 41.8 40.1 40.1 42.8
41.9 40.6 41.2 43.5 41.1
43.9 43.2 40.5 40.1 43.7
40.9 43.1 40.1 43.2 41.2
41.9 41.9 43.7 45.0 44.9
41.8 43.0 44.8 41.0 41.5
41.1 40.8 44.3 42.5 42.1
42.3 40.8 41.1 42.0 42.8
40.2 40.6 43.2 41.6 43.2
40.8 41.1 41.6 40.5 40.5
42.7 41.2 41.3 40.9 42.7
40.9 40.5 44.7 43.9 43.1
44.7 41.7 42.9 44.1 43.2
42.5 40.8 40.4 44.0 40.6
40.1 42.2 43.1 43.9 41.0
41.5 44.9 41.0 43.4 44.7
43.0 44.9 42.1 42.6 43.8
41.7 43.9 42.5 42.7 44.2
44.6 42.8 44.3 40.0 44.7
42.5 44.6 43.3 44.1 41.4
41.4 43.7 43.7 42.2 44.7
44.1 41.7 40.0 40.3 41.2
40.5 40.9 44.8 43.4 41.6
44.5 40.8 44.8 40.1 44.3
42.3 44.4 40.8 41.5 44.4
44.5 43.0 41.9 44.2 41.7
42.7 41.3 41.4 44.0 43.6
43.2 44.6 44.4 43.4 41.8
40.0 41.0 45.0 45.0 41.2
44.1 43.6 40.5 40.4 44.7
40.8 40.4 43.4 44.5 44.7
40.2 42.2 43.6 43.1 41.3
40.3 43.5 42.9 40.7 40.4
41.4 40.7 44.3 41.5 40.9
42.9 40.8 42.0 42.3 41.3
40.4 42.8 44.1 43.9 43.7
41.8 40.2 42.4 43.2 44.9
41.6 40.9 43.6 44.8 43.6
43.9 43.1 40.3 40.4 42.1
44.4 41.3 43.4 43.0 41.6
41.3 40.9 40.3 44.7 41.2
44.1 40.2 42.7 42.5 40.7
43.7 42.8 41.4 41.7 40.5
41.7 42.6 41.7 41.8 44.4
42.5 42.7 42.7 43.5 41.8
44.8 44.5 44.9 41.6 42.2
41.9 40.8 44.1 44.8 40.3
42.8 43.8 44.4 40.8 44.6
40.4 42.8 40.9 44.7 44.1
41.6 42.0 40.0 41.1 41.1
44.8 40.4 44.2 43.4 44.7
42.6 42.3 44.5 44.5 41.5
41.0 42.2 41.0 41.4 44.9
40.7 42.7 40.2 44.0 44.3
41.4 44.1 41.3 41.2 44.7
40.6 42.3 42.8 41.4 44.1
41.4 43.0 40.6 43.1 40.2
43.4 44.6 43.3 44.2 40.6
41.6 41.5 42.1 42.5 42.6
42.6 43.2 40.9 44.0 41.3
41.8 41.3 40.3 43.0 42.5
42.7 43.5 43.7 41.3 40.5
40.3 44.5 43.8 44.9 40.6
40.4 41.2 43.7 42.5 40.7
44.2 44.1 44.8 44.2 42.1
41.9 40.5 42.8 42.3 42.7
41.4 43.5 44.7 41.8 41.9
43.6 41.2 41.8 42.7 44.1
43.7 44.6 44.2 44.1 40.1
40.9 41.0 43.7 43.0 42.3
44.1 42.0 42.8 43.9 40.1
43.1 41.7 40.5 43.5 41.7
43.1 42.3 44.7 44.4 43.3
40.8 41.8 44.7 40.4 43.5
43.4 42.1 42.7 41.0 44.9
44.8 43.0 44.7 41.4 44.5
44.9 44.8 44.5 42.8 44.7
41.7 44.9 43.8 43.1 42.4
44.8 43.3 41.2 41.3 42.4
41.5 40.6 42.1 40.7 40.4
41.3 41.2 42.9 42.3 42.4
41.3 43.3 43.1 42.1 43.5
41.6 40.3 40.9 41.5 40.5
45.0 42.9 42.6 41.9 42.4
44.9 43.3 44.4 44.8 44.7
43.2 41.0 43.6 43.7 40.2
40.1 41.4 42.6 41.4 41.4
44.6 41.5 43.3 43.5 43.2
40.9 44.5 41.1 40.9 40.9
43.4 43.7 40.5 44.2 42.2
40.3 41.2 41.2 40.5 44.8
41.5 44.4 41.6 42.7 40.4
41.7 41.8 40.9 40.5 41.0
41.7 42.3 42.0 42.3 44.9
41.7 44.3 40.2 43.5 43.0
43.3 41.4 40.1 44.8 41.1
40.3 41.0 44.0 40.5 40.1
42.2 43.6 40.7 41.7 43.7
42.9 44.3 42.5 42.8 41.5
43.7 40.9 42.8 42.4 44.2
44.0 43.2 43.6 42.0 41.0
43.5 44.8 42.9 43.0 40.7
43.5 43.1 44.4 40.4 44.1
41.9 42.4 40.2 44.7 40.2
40.7 43.6 42.6 43.4 43.0
43.4 42.0 43.2 40.4 40.2
42.6 41.1 44.5 42.2 42.5
44.5 44.7 44.4 42.0 41.0
43.4 43.0 44.0 43.8 42.6
42.8 42.0 42.4 41.1 42.1
40.7 42.2 42.6 44.9 43.3
44.8 40.7 41.2 40.3 44.8
42.4 43.9 44.7 41.1 42.1
41.0 44.7 40.9 43.9 43.6
43.3 43.8 43.3 41.5 42.2
44.1 43.7 43.1 40.6 44.6
42.0 42.2 40.0 41.9 44.0
42.2 41.9 44.0 44.9 41.8
44.5 42.2 44.7 40.8 41.8
43.6 44.6 44.5 43.2 44.3
44.1 42.2 40.2 41.6 43.6
42.9 43.7 41.1 43.2 42.6
40.8 43.8 44.1 40.8 42.8
40.1 42.2 44.4 41.3 42.2
43.0 44.7 42.9 44.1 44.6
44.8 44.6 43.5 44.7 40.1
44.2 43.6 42.4 43.7 40.9
44.6 41.4 41.5 44.2 40.1
41.6 41.3 45.0 40.4 42.8
42.3 40.2 40.2 41.5 41.5
42.4 44.2 40.4 41.5 44.2
43.9 40.6 40.1 41.6 43.3
40.7 41.6 40.7 41.8 43.0
40.4 44.9 44.8 43.7 40.0
43.3 41.6 41.8 40.4 41.6
42.0 40.8 41.5 40.3 41.2
42.1 42.7 41.9 43.4 41.0
42.3 43.0 42.6 43.1 40.5
43.9 41.3 43.3 43.2 44.9
44.5 43.2 42.4 40.2 44.7
40.7 40.8 43.8 40.3 40.1
41.8 42.5 41.8 43.2 43.9
41.4 44.9 40.5 41.6 43.8
44.2 41.1 44.3 44.3 42.6
43.1 44.2 41.9 43.2 43.3
42.6 40.5 40.5 40.5 43.8
43.6 42.6 42.9 40.9 43.6
41.6 41.4 44.7 42.0 42.7
43.3 42.8 40.8 40.6 44.1
44.2 43.4 40.7 42.8 42.5
42.6 40.4 41.0 42.9 41.5
44.9 41.0 40.7 41.3 41.8
44.0 42.1 43.7 40.4 40.4
40.6 42.6 40.4 40.8 41.1
44.0 42.0 40.8 44.2 41.9
41.8 43.3 43.2 41.9 41.4
43.8 40.1 44.4 42.6 42.2
40.2 41.2 42.3 43.0 42.8
44.6 42.2 42.4 40.3 42.1
42.7 40.5 42.4 41.4 41.4
41.1 42.9 42.1 44.6 44.7
41.6 41.5 42.2 40.7 44.6
43.8 41.7 42.3 40.8 41.8
44.5 42.6 40.6 41.7 42.2
42.6 44.6 42.4 44.5 44.6
44.8 44.4 40.7 43.4 44.2
41.2 44.2 44.0 44.2 43.9
41.6 40.5 44.0 44.1 41.9
41.4 41.3 43.9 43.8 43.1
41.8 42.5 42.7 43.9 40.7
40.7 40.7 42.1 42.2 43.8
43.5 42.8 40.1 42.8 44.7
42.0 40.3 40.4 43.6 44.9
42.0 44.8 41.4 43.3 44.3
43.9 40.4 45.0 42.1 44.0
44.2 44.1 43.9 42.8 44.6
44.4 44.4 40.9 40.5 44.2
43.4 40.5 42.1 43.9 43.1
40.7 40.8 43.7 43.5 40.3
44.4 42.5 44.9 43.8 41.0
42.0 40.8 41.1 40.2 40.6
40.3 40.2 42.6 40.6 41.6
43.5 44.2 41.2 44.4 43.0
44.6 40.2 41.7 42.7 42.0
44.3 43.5 41.9 42.6 44.8
43.6 41.7 41.6 40.1 44.3
41.8 41.9 42.8 42.7 41.8
42.7 44.4 44.6 43.6 44.1
43.4 40.0 41.8 40.9 42.1
41.8 42.6 43.5 42.5 41.9
44.8 42.6 41.8 42.9 40.1
41.0 41.0 40.2 43.1 41.0
44.2 41.5 42.2 44.1 41.5
43.6 40.9 44.2 44.5 40.8
42.2 43.6 44.2 41.7 42.9
43.2 44.5 41.8 41.3 40.4
43.9 41.9 43.0 43.4 41.3
42.2 44.5 42.4 43.0 44.2
42.7 44.0 42.5 40.3 40.5
43.1 42.5 42.0 40.1 43.0
41.2 40.9 43.9 44.3 40.2
40.5 44.4 44.7 42.7 43.0
42.7 42.3 44.4 42.5 44.1
43.4 44.4 40.0 43.4 40.7
43.5 41.2 42.0 44.3 41.8
40.2 40.9 40.5 41.6 42.5
40.6 44.1 44.8 44.3 44.1
43.9 42.8 42.2 42.8 45.0
44.0 40.7 42.1 44.8 42.5
41.4 41.7 44.3 42.5 43.1
41.1 43.2 40.4 40.2 42.2
45.0 41.0 43.7 43.7 43.0
42.9 40.7 43.5 43.3 42.3
41.7 40.7 42.6 40.2 44.9
41.0 43.1 43.9 44.1 41.5
40.6 43.9 44.9 44.7 40.3
43.9 44.8 43.6 45.0 41.1
43.9 44.6 44.2 42.2 44.6
41.3 40.1 44.1 41.1 44.5
41.0 44.7 42.8 44.7 43.8
41.0 44.0 44.6 40.3 41.0
40.5 40.2 40.3 44.6 41.6
41.0 42.4 40.2 40.8 40.4
40.1 41.7 42.8 40.3 42.9
42.2 44.2 42.2 40.7 44.4
42.4 44.8 40.1 42.1 40.8
41.1 41.2 42.5 40.2 43.4
40.7 40.3 42.3 42.7 41.7
40.2 40.3 43.8 43.4 44.3
40.4 41.8 42.3 41.9 42.5
43.7 41.6 44.7 44.4 40.4
43.7 42.7 41.0 43.1 44.2
40.7 41.7 40.8 41.5 41.1
42.7 40.8 44.6 41.2 43.5
40.9 43.1 42.5 41.4 40.8
40.4 40.1 41.8 44.8 41.9
45.0 42.9 41.2 42.3 44.7
43.1 40.4 44.5 41.5 44.6
41.7 44.7 41.5 42.4 43.2
41.2 41.9 40.8 40.2 42.6
44.0 43.9 40.9 43.7 44.7
44.3 40.8 42.9 41.3 41.9
43.3 43.4 43.5 42.5 44.1
42.1 42.7 43.3 40.1 40.3
40.9 44.7 40.0 40.4 40.5
41.8 43.1 42.6 41.2 40.2
40.5 43.9 41.6 40.2 43.3
43.5 42.8 44.6 41.4 42.8
40.5 40.2 40.3 44.4 41.1
41.1 44.2 42.6 43.5 43.3
40.5 42.1 40.5 44.4 44.9
41.3 41.1 43.7 42.2 41.2
44.6 41.9 40.0 45.0 43.4
42.6 41.4 42.5 43.3 40.0
42.6 43.1 40.6 41.0 43.1
40.2 42.2 40.4 43.2 43.9
40.2 44.1 40.1 41.6 43.0
44.9 42.8 41.3 44.6 40.8
43.9 40.3 43.1 41.0 41.9
44.8 44.3 42.0 40.2 41.3
42.1 43.3 43.6 42.4 42.6
42.6 41.9 43.5 44.0 44.7
43.6 40.0 40.2 42.2 41.0
43.8 44.1 44.3 42.8 40.4
43.1 42.6 43.3 44.2 43.5
44.1 43.1 41.3 41.9 40.5
41.8 44.6 42.7 40.2 44.7
41.3 40.1 43.6 40.7 43.0
43.5 43.9 40.5 42.1 42.5
40.1 42.8 43.5 44.8 44.9
40.6 42.0 41.1 40.3 41.1
41.1 43.9 41.0 40.2 40.6
42.5 40.9 43.9 44.1 40.3
41.4 42.5 41.1 43.1 41.7
43.7 40.9 44.0 41.9 40.5
40.7 43.2 40.4 43.8 40.9
40.9 42.9 43.8 42.0 43.6
41.5 41.1 44.6 42.2 44.1
44.9 44.4 43.0 42.7 40.8
40.2 43.8 40.7 43.7 40.8
43.1 42.5 43.9 44.4 42.0
40.8 43.8 41.2 42.2 41.8
40.4 44.4 42.1 40.4 42.9
40.9 42.6 41.6 40.4 43.4
44.2 41.2 40.5 43.1 42.4
42.6 43.4 41.2 40.7 43.7
43.9 42.4 44.2 43.4 40.8
41.9 44.9 43.1 42.6 40.8
43.2 43.8 44.5 40.6 43.0
42.5 41.6 43.8 40.7 42.6
44.7 42.6 41.7 40.5 44.6
40.9 44.8 43.0 43.9 43.2
41.3 43.7 44.1 40.9 43.4
41.6 40.7 41.6 40.2 42.5
44.7 41.9 44.5 44.9 42.8
44.1 43.2 43.3 41.3 44.0
41.2 43.6 42.3 43.8 40.5
44.5 42.5 44.5 44.2 41.2
44.8 41.2 43.3 43.0 41.3
40.0 41.0 43.7 41.9 41.4
44.6 44.7 43.0 44.8 43.3
43.0 43.9 42.5 42.7 42.2
40.6 44.1 41.2 44.3 40.4
41.2 41.1 41.5 42.6 40.2
44.8 44.8 41.9 43.5 43.3
41.4 42.9 40.9 44.7 43.5
40.5 40.3 40.0 40.6 44.5
43.7 43.4 44.5 42.1 44.5
44.4 40.3 41.8 40.3 42.1
42.2 43.6 43.3 43.8 41.6
40.8 40.6 44.2 41.6 40.1
41.6 43.4 42.7 44.7 41.0
43.7 44.9 42.3 42.6 41.2
43.3 41.5 42.1 44.7 40.9
43.6 44.0 43.1 41.9 44.2
42.9 44.3 40.9 43.5 43.0
41.3 44.8 41.9 40.3 43.5
42.3 43.7 43.2 42.6 41.0
41.6 44.0 43.5 43.6 43.0
44.9 40.8 40.9 44.1 40.6
40.6 40.3 40.6 40.6 44.4
44.5 41.3 40.4 40.9 41.1
42.4 44.0 44.2 44.7 44.9
42.4 40.4 43.0 43.2 44.4
43.1 42.7 40.0 43.2 44.0
42.2 43.3 40.2 40.3 44.0
42.4 44.8 41.5 42.9 41.2
42.3 43.4 41.9 41.0 44.0
44.3 42.4 40.2 40.7 41.8
41.7 41.5 44.0 42.1 40.1
41.8 43.2 44.1 44.7 44.8
42.6 42.7 44.2 41.6 43.1
43.1 41.2 44.6 44.9 44.6
42.2 44.7 41.1 40.2 43.9
41.3 40.1 43.2 40.9 44.2
42.9 43.7 40.3 41.2 44.2
41.5 44.0 43.8 43.9 42.1
43.9 40.3 41.9 41.7 43.4
41.4 44.2 40.9 40.1 44.1
44.0 40.5 40.4 44.2 41.0
40.3 41.9 41.5 43.2 42.9
42.1 40.3 43.7 41.9 41.0
40.3 40.3 44.7 43.3 41.1
41.4 42.3 44.2 42.1 44.8
43.8 43.6 40.2 42.0 40.1
44.1 43.4 41.7 42.4 44.9
40.2 42.5 41.8 42.4 41.3
42.6 40.0 41.3 41.3 41.5
44.3 40.5 40.9 43.5 41.7
42.0 44.1 43.2 41.2 41.7
41.0 43.8 40.9 42.7 40.4
42.9 42.6 40.3 42.1 41.4
41.9 41.8 42.7 42.9 41.9
43.9 44.5 43.1 42.2 41.5
43.8 42.2 43.8 41.9 40.5
42.5 43.0 40.9 43.0 44.6
44.3 44.2 41.9 43.5 44.6
41.1 44.0 44.7 41.1 42.5
44.0 40.7 42.3 41.9 43.9
44.0 44.2 40.4 40.2 41.8
40.6 44.5 40.3 42.6 43.1
41.9 43.3 44.0 43.4 40.4
42.3 40.6 41.5 40.2 44.7
41.0 42.7 41.1 41.1 42.4
42.8 40.8 40.4 43.2 41.4
44.0 43.1 43.8 45.0 43.4
40.1 42.2 42.3 42.5 40.4
41.9 42.7 41.3 40.0 40.8
42.4 43.0 44.5 41.8 42.2
41.6 44.7 44.3 40.1 40.7
43.3 43.9 44.4 41.6 40.2
42.6 43.9 41.9 41.3 41.3
40.1 40.4 42.1 44.5 40.8
42.0 40.4 44.7 40.5 42.1
44.8 43.0 43.1 43.1 41.9
41.0 44.3 43.7 44.3 41.9
42.4 41.7 42.2 41.0 43.4
41.6 42.7 41.4 42.7 41.7
43.2 41.4 43.5 44.2 42.2
40.1 40.1 40.4 44.2 43.3
41.0 40.2 43.4 42.0 44.5
44.6 40.1 44.9 43.6 43.3
41.8 42.1 42.4 40.0 41.6
43.9 42.5 44.6 40.5 43.9
44.8 40.0 43.1 42.8 40.1
41.3 43.4 42.9 44.3 44.8
44.4 41.9 44.3 42.2 40.4
40.4 43.5 40.7 44.4 42.8
40.2 41.7 43.8 40.3 41.2
41.1 44.9 42.4 40.0 41.4
44.6 44.7 40.4 40.1 44.3
42.8 44.2 44.1 43.7 44.5
40.3 42.8 43.9 43.9 43.4
41.3 41.3 42.8 43.6 44.9
43.3 40.0 41.6 40.3 41.2
44.6 43.9 44.0 44.0 40.9
41.2 41.4 41.1 41.1 44.6
42.4 40.8 42.2 44.9 42.9
44.8 40.3 43.9 40.9 41.6
42.7 43.9 40.6 41.9 43.6
42.9 44.5 41.2 44.0 43.3
44.1 41.2 44.6 44.8 42.5
42.8 43.1 43.0 40.4 43.8
43.0 40.9 43.6 41.4 40.8
43.8 44.9 42.0 43.2 40.5
43.4 40.3 41.1 43.7 41.8
42.1 43.1 42.9 40.6 43.3
42.4 43.2 44.7 44.5 42.4
40.9 41.2 43.5 42.0 44.5
43.7 44.8 44.0 44.9 40.6
41.8 43.4 41.4 44.0 44.3
40.0 41.6 44.3 41.4 45.0
40.9 40.3 44.0 43.3 42.9
43.0 43.6 41.1 40.4 41.4
40.4 41.6 44.9 43.1 42.1
41.1 40.8 40.9 45.0 44.3
40.3 42.7 42.6 41.1 41.7
44.8 44.7 41.2 43.9 40.0
44.9 42.2 40.5 43.7 44.3
40.9 41.8 40.9 40.4 44.4
42.4 44.3 42.6 43.5 40.3
41.4 44.0 44.9 43.0 40.4
42.7 41.8 42.4 40.3 41.9
42.6 42.7 40.7 41.3 42.8
41.8 43.3 44.0 41.9 41.1
40.6 44.8 40.7 43.7 40.8
43.7 44.1 44.1 42.6 43.0
42.0 41.8 43.9 41.7 44.9
41.7 43.6 42.8 40.1 43.1
42.9 43.0 44.9 43.1 43.6
41.1 42.2 44.9 43.8 44.8
40.3 40.5 41.2 44.1 44.1
44.1 44.4 40.1 41.4 43.4
43.4 40.2 44.7 42.1 43.3
41.8 40.0 42.4 44.9 41.5
44.8 41.1 41.0 42.6 41.3
40.6 41.0 44.0 43.5 42.2
43.0 40.9 42.7 44.9 44.9
43.8 41.9 40.8 41.1 43.2
44.4 40.6 42.5 41.0 44.1
40.7 44.3 42.1 40.9 45.0
44.1 43.6 40.9 40.8 41.8
42.2 40.8 43.5 40.5 44.3
40.8 42.1 42.1 44.5 40.5
40.5 44.9 44.5 42.9 44.3
42.2 42.6 42.3 41.8 41.6
40.5 42.8 44.5 44.4 41.5
41.8 43.6 40.2 44.5 40.4
41.1 45.0 41.3 44.6 40.7
41.3 43.5 43.5 43.6 40.7
44.9 41.9 40.5 42.7 40.1
43.2 44.6 42.3 42.6 40.7
43.5 43.2 42.7 42.0 44.1
41.8 40.5 43.2 43.9 40.6
44.4 41.7 44.9 41.0 42.3
44.4 45.0 40.6 44.2 43.3
40.8 44.9 40.8 43.3 41.5
44.5 40.6 44.0 42.6 42.3
41.8 40.1 45.0 44.1 42.8
41.0 44.2 40.6 40.7 42.5
43.8 41.8 41.5 41.6 42.0
43.6 45.0 43.3 43.4 41.0
41.9 43.2 41.6 40.0 41.5
44.7 42.4 41.2 42.3 42.6
43.4 44.6 42.4 41.4 43.3
43.6 41.6 40.1 41.3 41.5
41.4 44.1 42.3 44.3 44.3
42.9 41.7 44.0 41.1 42.2
44.8 40.3 43.5 42.9 43.8
43.1 42.3 41.2 42.1 41.3
44.8 42.7 44.5 40.7 43.1
44.3 42.2 40.4 43.0 42.6
42.3 43.6 44.6 40.3 43.0
40.8 41.8 43.8 40.1 44.6
42.6 41.2 42.7 41.9 41.5
41.6 42.7 43.7 43.9 40.1
42.8 42.0 43.9 43.4 41.2
42.4 40.2 44.6 43.0 43.2
40.9 43.3 44.7 42.2 40.7
40.2 40.1 44.4 41.1 44.5
44.0 43.7 43.6 44.5 41.2
43.5 40.5 42.9 43.1 40.9
41.4 40.5 40.2 43.7 42.2
44.7 44.0 42.9 43.3 44.7
42.1 41.4 42.6 40.3 44.8
41.0 42.8 40.7 44.1 43.3
41.0 42.0 44.4 40.5 44.7
41.5 42.8 44.0 43.6 41.6
42.0 41.6 42.9 41.9 43.1
40.2 42.4 43.5 44.7 44.7
40.2 40.4 41.7 42.6 43.7
40.2 41.4 41.6 40.8 42.4
43.1 44.7 45.0 40.0 40.9
42.3 40.1 44.4 42.0 40.6
40.7 43.3 44.8 43.0 41.5
43.0 41.4 42.1 41.7 42.0
42.0 40.1 43.7 42.4 40.6
42.7 44.2 44.9 41.7 42.2
40.4 40.8 43.9 40.1 44.6
40.5 44.6 40.8 41.1 44.2
44.5 43.4 42.9 43.2 44.8
41.5 44.5 43.5 42.2 43.4
40.6 40.5 43.5 41.9 40.3
40.8 40.4 41.1 44.3 40.1
44.3 40.6 44.0 43.3 42.7
43.2 41.8 42.5 44.8 43.1
44.7 40.6 40.1 43.9 40.9
44.9 43.3 44.9 43.9 43.7
40.1 41.3 43.0 41.8 41.4
43.6 42.4 40.3 40.5 44.4
41.5 40.2 41.5 40.5 43.0
42.8 44.9 41.2 42.0 42.7
43.4 41.2 43.2 43.3 41.7
43.5 42.3 43.0 41.8 41.8
44.0 43.3 42.5 41.3 41.8
43.3 42.0 44.3 44.4 43.8
40.5 40.7 40.5 43.2 44.2
43.0 43.4 42.5 43.6 42.4
40.3 44.6 42.3 42.2 44.1
43.6 44.8 41.9 40.2 42.8
43.4 42.5 44.4 40.1 42.8
43.3 40.7 42.0 44.6 40.2
44.9 44.5 44.0 43.7 43.2
40.8 42.4 44.2 44.8 43.0
44.7 41.2 44.6 41.1 43.7
42.1 43.5 42.5 45.0 41.3
42.8 44.5 41.6 44.6 41.1
44.1 41.0 40.8 40.4 40.7
41.8 43.8 42.3 44.8 40.0
42.4 40.2 42.2 43.7 41.9
44.1 42.5 42.1 41.7 41.8
44.9 41.5 43.0 41.6 44.6
40.7 43.4 44.8 42.4 44.2
40.9 43.8 43.5 43.1 41.6
41.4 41.9 43.7 43.7 42.7
40.6 41.7 44.7 40.5 42.0
43.7 45.0 43.1 41.5 43.1
44.1 40.3 44.6 41.8 43.5
44.4 43.5 45.0 40.7 43.9
42.3 44.8 41.5 41.1 43.2
42.4 42.7 40.0 41.9 41.2
41.0 43.9 43.8 44.1 40.7
43.6 41.2 43.9 42.7 43.6
44.6 42.2 43.5 44.9 40.7
43.8 41.8 41.9 44.7 42.6
42.5 40.5 40.6 40.0 44.0
40.4 42.1 42.5 44.9 43.5
43.8 40.2 44.1 43.1 40.9
41.6 43.6 42.6 43.3 42.1
40.7 40.6 43.1 44.6 40.1
43.4 44.3 40.6 42.2 43.5
42.1 43.1 43.3 40.0 44.6
42.1 42.4 42.9 44.8 42.8
43.1 44.8 42.4 40.5 44.1
43.6 41.3 43.0 42.4 44.6
43.7 42.1 43.9 42.8 41.8
42.1 44.3 40.3 43.9 40.3
42.2 40.1 40.8 40.2 40.7
44.6 43.6 41.9 41.7 41.7
41.0 40.8 42.4 43.8 40.7
44.2 40.2 44.6 40.9 43.4
40.8 40.9 44.2 40.4 41.9
45.0 44.5 43.8 43.0 44.3
42.4 41.1 44.0 42.2 41.2
41.7 40.3 42.5 44.8 41.2
44.4 42.7 43.6 42.2 44.2
40.7 42.9 40.3 41.1 42.0
43.5 40.7 44.5 42.5 40.3
44.9 42.3 41.6 44.7 44.2
44.2 42.3 44.4 42.6 40.8
44.8 41.2 42.9 43.8 41.4
45.0 42.9 41.7 42.6 43.1
40.1 41.2 40.4 43.3 44.1
44.8 41.2 44.4 43.7 41.6
40.8 42.9 44.0 44.5 42.0
41.3 41.1 40.6 42.3 41.8
41.4 42.5 42.1 41.6 42.0
44.3 41.9 42.9 42.2 42.1
44.2 40.2 40.1 41.9 43.6
42.9 40.9 40.3 44.4 43.2
44.0 42.7 43.2 43.0 40.8
41.7 44.0 41.1 43.6 44.2
41.3 40.4 43.1 40.4 41.1
43.7 41.4 43.6 44.6 41.6
40.8 43.1 43.0 40.3 43.7
41.2 43.5 44.2 44.7 42.9
41.5 42.4 41.5 43.3 40.8
43.0 43.5 42.5 42.1 40.8
40.2 44.5 41.4 41.4 44.1
40.9 45.0 41.1 42.9 41.7
41.2 43.2 43.3 44.2 41.9
41.0 43.1 41.9 42.5 41.2
44.1 40.3 44.8 43.0 43.1
40.6 40.7 41.3 41.1 43.7
42.3 41.2 43.9 44.6 41.8
42.3 40.4 43.8 42.3 40.9
43.0 42.8 44.6 42.4 43.0
43.6 42.9 42.4 40.6 40.3
42.6 43.1 44.7 40.6 43.3
40.6 41.4 41.3 41.7 41.3
42.1 42.0 41.4 44.2 44.6
42.3 40.2 42.7 40.9 40.8
44.5 42.3 40.6 40.0 42.2
41.4 42.2 42.8 41.8 40.5
42.2 43.9 44.0 42.1 42.3
41.3 42.1 44.7 42.8 40.2
40.9 43.4 41.9 43.9 42.7
44.8 42.0 44.8 41.4 45.0
44.4 43.0 44.6 43.1 41.0
44.7 43.0 42.0 44.3 41.7
43.4 40.5 41.1 41.7 43.8
43.0 41.7 41.7 40.8 42.7
43.3 41.9 40.8 42.8 42.4
43.2 42.1 43.9 45.0 43.6
40.1 41.5 41.0 42.3 44.0
43.3 42.0 41.8 41.0 40.1
42.8 44.7 44.9 44.9 41.3
44.8 43.3 44.7 40.7 41.3
42.0 40.3 40.4 40.3 41.9
44.4 43.8 42.4 44.5 42.4
44.2 41.5 40.9 41.2 41.8
41.6 41.4 42.9 44.7 44.1
43.2 43.1 43.0 44.8 43.8
40.2 42.4 43.1 43.2 42.9
41.5 44.5 40.9 40.0 43.3
42.0 41.6 41.5 42.7 43.5
41.9 40.2 41.4 41.1 42.9
43.1 43.8 42.0 44.3 44.4
40.3 44.2 43.1 43.3 42.1
40.0 40.9 44.3 42.2 41.6
43.8 42.5 42.5 44.1 40.7
43.4 42.4 40.1 41.5 42.8
40.0 42.6 40.7 43.1 42.0
43.4 41.9 40.3 40.2 42.5
40.4 43.8 44.5 40.5 42.4
43.1 43.8 42.3 43.0 44.6

43.3
40.6
44.9
42.6
42.5
